 AB09ID EXAMPLE PROGRAM DATA (Continuous system)
  3  1  1   6  1  0  0   2   0.0  0.0  0.0 0.1E0  0.0    C   S  S   F   L  S  F 
  -26.4000    6.4023    4.3868
   32.0000         0         0
         0    8.0000         0
    16
     0
     0
    9.2994    1.1624    0.1090
     0
   -1.0000         0    4.0000   -9.2994   -1.1624   -0.1090
         0    2.0000         0   -9.2994   -1.1624   -0.1090
         0         0   -3.0000   -9.2994   -1.1624   -0.1090
   16.0000   16.0000   16.0000  -26.4000    6.4023    4.3868
         0         0         0   32.0000         0         0
         0         0         0         0    8.0000         0
     1
     1
     1
     0
     0
     0
     1     1     1     0     0     0
     0


