 FB01VD EXAMPLE PROGRAM DATA
   4     3     2     0.0
   0.5015  0.4368  0.2693  0.6325
   0.4368  0.4818  0.2639  0.4148
   0.2693  0.2639  0.1121  0.6856
   0.6325  0.4148  0.6856  0.8906
   0.2113  0.8497  0.7263  0.8833
   0.7560  0.6857  0.1985  0.6525
   0.0002  0.8782  0.5442  0.3076
   0.3303  0.0683  0.2320  0.9329
   0.0437  0.7783  0.5618
   0.4818  0.2119  0.5896
   0.2639  0.1121  0.6853
   0.4148  0.6856  0.8906
   0.9329  0.2146  0.3126
   0.2146  0.2922  0.5664
   0.3126  0.5664  0.5935
   0.3873  0.9488  0.3760  0.0881
   0.9222  0.3435  0.7340  0.4498
   1.0000  0.0000
   0.0000  1.0000
