MB02KD EXAMPLE PROGRAM DATA
   3    2   4    5    1    C    N
     4.0     1.0
     3.0     5.0
     2.0     1.0
     4.0     1.0
     3.0     4.0
     2.0     4.0
     3.0     1.0
     3.0     0.0
     4.0     4.0
     5.0     1.0
     3.0     1.0
     4.0     3.0
     5.0     2.0     2.0     2.0     2.0     1.0     1.0     3.0
     4.0     1.0     5.0     4.0     5.0     4.0     1.0     2.0
     2.0     3.0     4.0     1.0     3.0     3.0     3.0     3.0
     0.0
     2.0
     2.0
     2.0
     1.0
     3.0
     3.0
     4.0
     2.0
     3.0
