MB03XD EXAMPLE PROGRAM DATA
	5	N	G	U	V
  3.7588548168313685e-001  9.1995720669587144e-001  1.9389317998466821e-001  5.4878212553858818e-001  6.2731478808399666e-001
  9.8764628987858052e-003  8.4472150190817474e-001  9.0481233416635698e-001  9.3158335257969060e-001  6.9908013774533750e-001
  4.1985780631021896e-001  3.6775288246828447e-001  5.6920574967174709e-001  3.3519743020639464e-001  3.9718395379261456e-001
  7.5366962581358721e-001  6.2080133182114383e-001  6.3178992922175603e-001  6.5553105501201447e-001  4.1362889533818031e-001
  7.9387177473231862e-001  7.3127726446634478e-001  2.3441295540825388e-001  3.9190420688900335e-001  6.5521294635567051e-001
  1.8015558545989005e-001  4.1879254941592853e-001  2.7203760737317784e-001  2.8147214090719214e-001  1.7731904815580199e-001  3.4718672159409536e-001
  2.7989257702981651e-001  3.5042861661866559e-001  2.5565572408444881e-001  4.3977750345993827e-001  2.8855026075967616e-001  2.1496327083014577e-001
  1.7341073886969158e-001  3.9913855375815932e-001  4.0151317011596516e-001  4.0331887464437133e-001  2.6723538667317948e-001  3.7110275606849241e-001
  3.7832182695699140e-001  3.3812641389556752e-001  8.4360396433341395e-002  4.3672540277019672e-001  7.0022228267365608e-002  3.8210230186291916e-001
  1.9548216143135175e-001  2.9055490787446736e-001  4.7670819669167425e-001  1.4636498713707141e-001  2.7670398401519275e-001  2.9431082727794898e-002
