MB04ED EXAMPLE PROGRAM DATA
   T   I   I   8
   0.0949    3.3613   -4.7663   -0.5534    0.6408   -3.2793    3.4253    2.9654
   0.1138   -1.5903    2.1837   -4.1648   -4.3775   -1.7454    0.1744    2.3262
   2.7505    4.4048    4.4183    3.0478    2.7728    2.3048   -0.6451   -1.2045
   3.6091   -4.1716    3.4461    3.6880   -0.0985    3.8458    0.2528   -1.3859
   0.4352   -3.2829    3.7246    0.4794   -0.3690   -1.5562   -3.4817   -2.2902
   1.3080   -3.9881   -3.5497    3.5020    2.2582    4.4764   -4.4080   -1.6818
   1.1308   -1.5087    2.4730    2.1553   -1.7129   -4.8669   -2.4102    4.2274
   4.7933   -4.3671   -0.0473   -2.0092    1.2439   -4.7385    3.4242   -0.2764
   2.0936    1.5510    4.5974    2.5127
   2.5469   -3.3739   -1.5961   -2.4490
  -2.2397   -3.8100    0.8527    0.0596
   1.7970   -0.0164   -2.7619    1.9908
   1.0000    2.0000   -4.0500    1.3353    0.2899
  -0.4318    2.0000    2.0000   -2.9860   -0.0160
   1.0241    0.9469    2.0000    2.0000    1.3303
   0.0946   -0.1272   -4.4003    2.0000    2.0000
 
