MB04DS EXAMPLE PROGRAM DATA
       6       B
    0.0576         0    0.5208         0    0.7275   -0.7839
    0.1901    0.0439    0.1663    0.0928    0.6756   -0.5030
    0.5962         0    0.4418         0   -0.5955    0.7176
    0.5869         0    0.3939    0.0353    0.6992   -0.0147
    0.2222         0   -0.3663         0    0.5548   -0.4608
         0         0         0         0         0    0.1338
         0         0   -0.9862   -0.4544   -0.4733    0.4435         0
         0         0         0   -0.6927    0.6641    0.4453         0
   -0.3676         0         0         0    0.0841    0.3533         0
         0         0         0         0         0    0.0877         0
    0.9561         0    0.4784         0         0         0         0
   -0.0164   -0.4514   -0.8289   -0.6831   -0.1536         0         0
