 SB16BD EXAMPLE PROGRAM DATA (Continuous system)
  8  1  1   4   0.1E0  0.0    C  D  F  L  S   F
         0    1.0000         0         0         0         0         0        0
         0         0         0         0         0         0         0        0
         0         0   -0.0150    0.7650         0         0         0        0
         0         0   -0.7650   -0.0150         0         0         0        0
         0         0         0         0   -0.0280    1.4100         0        0
         0         0         0         0   -1.4100   -0.0280         0        0
         0         0         0         0         0         0   -0.0400    1.850
         0         0         0         0         0         0   -1.8500   -0.040
    0.0260
   -0.2510
    0.0330
   -0.8860
   -4.0170
    0.1450
    3.6040
    0.2800
  -.996 -.105 0.261 .009 -.001 -.043 0.002 -0.026
  0.0
4.4721e-002  6.6105e-001  4.6986e-003  3.6014e-001  1.0325e-001 -3.7541e-002 -4.2685e-002  3.2873e-002
  4.1089e-001
  8.6846e-002
  3.8523e-004
 -3.6194e-003
 -8.8037e-003
  8.4205e-003
  1.2349e-003
  4.2632e-003

