 AB08NZ EXAMPLE PROGRAM DATA
   6     2     3    0.0    N
  (1.0,0.0)  (0.0,0.0)  (0.0,0.0)  (0.0,0.0)  (0.0,0.0)  (0.0,0.0)
  (0.0,0.0)  (1.0,0.0)  (0.0,0.0)  (0.0,0.0)  (0.0,0.0)  (0.0,0.0)
  (0.0,0.0)  (0.0,0.0)  (3.0,0.0)  (0.0,0.0)  (0.0,0.0)  (0.0,0.0)
  (0.0,0.0)  (0.0,0.0)  (0.0,0.0) (-4.0,0.0)  (0.0,0.0)  (0.0,0.0)
  (0.0,0.0)  (0.0,0.0)  (0.0,0.0)  (0.0,0.0) (-1.0,0.0)  (0.0,0.0)
  (0.0,0.0)  (0.0,0.0)  (0.0,0.0)  (0.0,0.0)  (0.0,0.0)  (3.0,0.0)
  (0.0,0.0) (-1.0,0.0)
 (-1.0,0.0)  (0.0,0.0)
  (1.0,0.0) (-1.0,0.0)
  (0.0,0.0)  (0.0,0.0)
  (0.0,0.0)  (1.0,0.0)
 (-1.0,0.0) (-1.0,0.0)
  (1.0,0.0)  (0.0,0.0)  (0.0,0.0)  (1.0,0.0)  (0.0,0.0)  (0.0,0.0)
  (0.0,0.0)  (1.0,0.0)  (0.0,0.0)  (1.0,0.0)  (0.0,0.0)  (1.0,0.0)
  (0.0,0.0)  (0.0,0.0)  (1.0,0.0)  (0.0,0.0)  (0.0,0.0)  (1.0,0.0)
  (0.0,0.0)  (0.0,0.0)
  (0.0,0.0)  (0.0,0.0)
  (0.0,0.0)  (0.0,0.0)
