 AB09KD EXAMPLE PROGRAM DATA (Continuous system)
  6     1     1     2   0   0   0.0  1.E-1  1.E-14    N   C    L    S     A
   -3.8637   -7.4641   -9.1416   -7.4641   -3.8637   -1.0000
    1.0000         0         0         0         0         0
         0    1.0000         0         0         0         0
         0         0    1.0000         0         0         0
         0         0         0    1.0000         0         0
         0         0         0         0    1.0000         0
         1
         0
         0
         0
         0
         0
         0         0         0         0         0         1
         0
    0.2000   -1.0000
    1.0000         0
     1
     0
   -1.8000         0
     1
