 AB09DD EXAMPLE PROGRAM DATA  (Continuous system)
  7     2     3     5      C
  -0.04165    4.9200   -4.9200         0         0         0         0
         0   -3.3300         0         0         0    3.3300         0
    0.5450         0         0   -0.5450         0         0         0
         0         0    4.9200  -0.04165    4.9200         0         0
         0         0         0         0   -3.3300         0    3.3300
   -5.2100         0         0         0         0  -12.5000         0
         0         0         0   -5.2100         0         0  -12.5000
         0         0   
         0         0   
         0         0   
         0         0   
         0         0   
   12.5000         0   
         0   12.5000   
     1     0     0     0     0     0     0
     0     0     1     0     0     0     0
     0     0     0     1     0     0     0
     0     0     
     0     0     
     0     0     
