MB02ED EXAMPLE PROGRAM DATA
  3    3    2     C
    3.0000    1.0000    0.2000
    1.0000    4.0000    0.4000
    0.2000    0.4000    5.0000
    0.1000    0.1000    0.2000
    0.2000    0.0400    0.0300
    0.0500    0.2000    0.1000
    0.1000    0.0300    0.1000
    0.0400    0.0200    0.2000
    0.0100    0.0300    0.0200
    1.0000    2.0000
    1.0000    2.0000
    1.0000    2.0000
    1.0000    2.0000
    1.0000    2.0000
    1.0000    2.0000
    1.0000    2.0000
    1.0000    2.0000
    1.0000    2.0000
