MB02ID EXAMPLE PROGRAM DATA
   3   2   4   3   1   1   A
     5.0     2.0
     1.0     2.0
     4.0     3.0
     4.0     0.0
     2.0     2.0
     3.0     3.0
     5.0     1.0
     3.0     3.0
     1.0     1.0
     2.0     3.0
     1.0     3.0
     2.0     2.0
     1.0     4.0     2.0     3.0
     2.0     2.0     2.0     4.0
     3.0     1.0     0.0     1.0
     1.0
     1.0
     1.0
     1.0
     1.0
     1.0
     1.0
     1.0
     1.0
     1.0
     1.0
     1.0
     1.0
     1.0
     1.0
     1.0
     1.0
     1.0
