MB04DZ EXAMPLE PROGRAM DATA
       6       B
      (0,0)  (0,0)      (0,0)      (0,0)      (0,0)      (0,0)
  (.0994,0)  (0,0)      (0,0)      (0,0)      (0,0)  (.9696,0)
  (.3248,0)  (0,0)      (0,0)      (0,0)  (.4372,0)  (.8308,0)
      (0,0)  (0,0)      (0,0)  (.0717,0)      (0,0)      (0,0)
      (0,0)  (0,0)      (0,0)      (0,0)      (0,0)  (.1976,0)
      (0,0)  (0,0)      (0,0)      (0,0)      (0,0)      (0,0)
      (0,0)  (0,0)      (0,0)      (0,0)      (0,0)      (0,0)      (0,0)
      (0,0)  (0,0)      (0,0)      (0,0)  (.0651,0)      (0,0)      (0,0)
      (0,0)  (0,0)      (0,0)      (0,0)      (0,0)      (0,0)      (0,0)
      (0,0)  (0,0)  (.0444,0)      (0,0)      (0,0)  (.1957,0)      (0,0)
  (.8144,0)  (0,0)      (0,0)      (0,0)  (.3652,0)      (0,0)  (.9121,0)
  (.9023,0)  (0,0)      (0,0)      (0,0)      (0,0)      (0,0)  1.0945,0)
