MB04PU EXAMPLE PROGRAM DATA
        5
    0.9501    0.7621    0.6154    0.4057    0.0579
    0.2311    0.4565    0.7919    0.9355    0.3529
    0.6068    0.0185    0.9218    0.9169    0.8132
    0.4860    0.8214    0.7382    0.4103    0.0099
    0.8913    0.4447    0.1763    0.8936    0.1389
    0.4055    0.3869    1.3801    0.7993    1.2019    0.8780
    0.2140    1.4936    0.7567    1.7598    1.1956    0.9029
    1.0224    1.2913    1.0503    1.6433    0.9346    1.6565
    1.1103    0.9515    0.8839    0.7590    0.6824    1.1022
    0.7016    1.1755    1.1010    1.1364    0.3793    0.7408
