MB04BD EXAMPLE PROGRAM DATA
   T   I   I   8
   3.1472   1.3236   4.5751   4.5717
   4.0579  -4.0246   4.6489  -0.1462
  -3.7301  -2.2150  -3.4239   3.0028
   4.1338   0.4688   4.7059  -3.5811
   0.0000   0.0000  -1.5510  -4.5974  -2.5127
   3.5071   0.0000   0.0000   1.5961   2.4490  
  -3.1428   2.5648   0.0000   0.0000  -0.0596 
   3.0340   2.4892  -1.1604   0.0000   0.0000
   0.6882  -3.3782  -3.3435   1.8921
  -0.3061   2.9428   1.0198   2.4815
  -4.8810  -1.8878  -2.3703  -0.4946
  -1.6288   0.2853   1.5408  -4.1618
  -2.4013  -2.7102   0.3834  -3.9335   3.1730
  -3.1815  -2.3620   4.9613   4.6190   3.6869
   3.6929   0.7970   0.4986  -4.9537  -4.1556
   3.5303   1.2206  -1.4905   0.1325  -1.0022

