 SB16CD EXAMPLE PROGRAM DATA (Continuous system)
  8  1  1   2   0.1E0  C  D  F  R  F
         0    1.0000         0         0         0         0         0        0
         0         0         0         0         0         0         0        0
         0         0   -0.0150    0.7650         0         0         0        0
         0         0   -0.7650   -0.0150         0         0         0        0
         0         0         0         0   -0.0280    1.4100         0        0
         0         0         0         0   -1.4100   -0.0280         0        0
         0         0         0         0         0         0   -0.0400    1.850
         0         0         0         0         0         0   -1.8500   -0.040
    0.0260
   -0.2510
    0.0330
   -0.8860
   -4.0170
    0.1450
    3.6040
    0.2800
  -.996 -.105 0.261 .009 -.001 -.043 0.002 -0.026
  0.0
4.472135954999638e-002    6.610515358414598e-001    4.698598960657579e-003  3.601363251422058e-001    1.032530880771415e-001   -3.754055214487997e-002  -4.268536964759344e-002    3.287284547842979e-002
    4.108939884667451e-001
    8.684600000000012e-002
    3.852317308197148e-004
   -3.619366874815911e-003
   -8.803722876359955e-003
    8.420521094001852e-003
    1.234944428038507e-003
    4.263205617645322e-003

